Using all complexity measures except Pairwise EMD
Image path,Pixelwise Shannon Entropy,Average Local Entropies,Frequency-weighted Mean Coefficient,Local Patch Covariance,Average Gradient Magnitude,Pixelwise Differential Entropy,Patchwise Differential Entropy,Global Patch Covariance,Pairwise Mean Distances,Pairwise Moment Distances,Wavelet Detail Coef,PWG Jeffreys Divergence,PWG Wass2 Divergence,PWG Hellinger Divergence,PWG Bhattacharyya Divergence,PWG FM-ATF Divergence
Reading image: spot/cuvieri_0123_aVIS.png
Image Shape: (506, 596, 3)
Channelwise Min/Max
0 Min: 0 | Max: 168
1 Min: 0 | Max: 117
2 Min: 0 | Max: 126
Computing image entropy (alpha masked)
	N_pixels before & after masking: 301576 -> 107656
Computing local discrete entropies
Computing Fourier images
Computing local patch covariances
	Patches Size: (3, 98, 116, 20, 20) (Mask Size: (98, 116, 20, 20))
Computing average edginess
Computing continuous pixel-wise differential entropy
	Mask Sum: 107656, Orig Shape: (301576, 3), Masked Shape: (107656, 3)
Computing continuous patch-wise differential entropy
	Patch windows size: (3, 252, 297, 3, 3)
	Resampling patch vectors (original size: (26484, 27))
	Patch vectors shape: (10000, 27)
Computing global patch-wise covariance
	Patch windows size: (3, 249, 294, 10, 10)
	Patch vectors shape: (25020, 300)
Computing patch-wise distances between means
img, mask, block_cuts shapes: (506, 596, 3) (506, 596) [3, 4]
residuals 2 0
new shapes (504, 596, 3) (504, 596)
block sizes 168 149
Blockified sizes (3, 4, 168, 149, 3) (3, 4, 168, 149)
	Nvalid pixels in patch mean: 243
	Nvalid pixels in patch mean: 52791
	Nvalid pixels in patch mean: 43329
	Nvalid pixels in patch mean: 5649
	Nvalid pixels in patch mean: 34875
	Nvalid pixels in patch mean: 75096
	Nvalid pixels in patch mean: 61239
	Nvalid pixels in patch mean: 1794
	Nvalid pixels in patch mean: 30042
	Nvalid pixels in patch mean: 17910
Means (masked)
[0.4  0.31 0.23] ,[0.52 0.35 0.23] ,[0.5  0.34 0.22] ,[0.46 0.34 0.24] ,

None ,[0.59 0.39 0.28] ,[0.56 0.38 0.28] ,[0.52 0.37 0.29] ,

None ,[0.59 0.39 0.33] ,[0.57 0.38 0.32] ,[0.54 0.36 0.27] ,

Covs (masked)
[[0. 0. 0.]
 [0. 0. 0.]
 [0. 0. 0.]] ,[[0. 0. 0.]
 [0. 0. 0.]
 [0. 0. 0.]] ,[[0. 0. 0.]
 [0. 0. 0.]
 [0. 0. 0.]] ,[[0. 0. 0.]
 [0. 0. 0.]
 [0. 0. 0.]] ,

None ,[[0. 0. 0.]
 [0. 0. 0.]
 [0. 0. 0.]] ,[[0. 0. 0.]
 [0. 0. 0.]
 [0. 0. 0.]] ,[[0. 0. 0.]
 [0. 0. 0.]
 [0. 0. 0.]] ,

None ,[[ 0.  0.  0.]
 [ 0.  0. -0.]
 [ 0. -0.  0.]] ,[[0. 0. 0.]
 [0. 0. 0.]
 [0. 0. 0.]] ,[[0. 0. 0.]
 [0. 0. 0.]
 [0. 0. 0.]] ,

IGNORING 2 PATCHES
N_valid 10

Distances:
 [[0.   0.04 0.03 0.02 0.07 0.06 0.05 0.07 0.07 0.05]
 [0.04 0.   0.01 0.02 0.03 0.02 0.02 0.04 0.04 0.02]
 [0.03 0.01 0.   0.01 0.04 0.03 0.03 0.05 0.04 0.02]
 [0.02 0.02 0.01 0.   0.05 0.04 0.03 0.05 0.05 0.03]
 [0.07 0.03 0.04 0.05 0.   0.01 0.02 0.02 0.01 0.02]
 [0.06 0.02 0.03 0.04 0.01 0.   0.01 0.02 0.01 0.01]
 [0.05 0.02 0.03 0.03 0.02 0.01 0.   0.03 0.02 0.01]
 [0.07 0.04 0.05 0.05 0.02 0.02 0.03 0.   0.01 0.03]
 [0.07 0.04 0.04 0.05 0.01 0.01 0.02 0.01 0.   0.02]
 [0.05 0.02 0.02 0.03 0.02 0.01 0.01 0.03 0.02 0.  ]]
Computing patch-wise distances between central moments
img, mask, block_cuts shapes: (506, 596, 3) (506, 596) [3, 4]
residuals 2 0
new shapes (504, 596, 3) (504, 596)
block sizes 168 149
Blockified sizes (3, 4, 168, 149, 3) (3, 4, 168, 149)
	Nvalid pixels in patch mean: 243
	Nvalid pixels in patch mean: 52791
	Nvalid pixels in patch mean: 43329
	Nvalid pixels in patch mean: 5649
	Nvalid pixels in patch mean: 34875
	Nvalid pixels in patch mean: 75096
	Nvalid pixels in patch mean: 61239
	Nvalid pixels in patch mean: 1794
	Nvalid pixels in patch mean: 30042
	Nvalid pixels in patch mean: 17910
Means (masked)
[0.4  0.31 0.23] ,[0.52 0.35 0.23] ,[0.5  0.34 0.22] ,[0.46 0.34 0.24] ,

None ,[0.59 0.39 0.28] ,[0.56 0.38 0.28] ,[0.52 0.37 0.29] ,

None ,[0.59 0.39 0.33] ,[0.57 0.38 0.32] ,[0.54 0.36 0.27] ,

Covs (masked)
[[0. 0. 0.]
 [0. 0. 0.]
 [0. 0. 0.]] ,[[0. 0. 0.]
 [0. 0. 0.]
 [0. 0. 0.]] ,[[0. 0. 0.]
 [0. 0. 0.]
 [0. 0. 0.]] ,[[0. 0. 0.]
 [0. 0. 0.]
 [0. 0. 0.]] ,

None ,[[0. 0. 0.]
 [0. 0. 0.]
 [0. 0. 0.]] ,[[0. 0. 0.]
 [0. 0. 0.]
 [0. 0. 0.]] ,[[0. 0. 0.]
 [0. 0. 0.]
 [0. 0. 0.]] ,

None ,[[ 0.  0.  0.]
 [ 0.  0. -0.]
 [ 0. -0.  0.]] ,[[0. 0. 0.]
 [0. 0. 0.]
 [0. 0. 0.]] ,[[0. 0. 0.]
 [0. 0. 0.]
 [0. 0. 0.]] ,

IGNORING 2 PATCHES
N_valid 10

Distances:
 [[0.   0.05 0.04 0.03 0.08 0.07 0.06 0.08 0.08 0.06]
 [0.05 0.   0.01 0.03 0.04 0.03 0.03 0.05 0.04 0.02]
 [0.04 0.01 0.   0.02 0.05 0.04 0.03 0.06 0.05 0.03]
 [0.03 0.03 0.02 0.   0.05 0.04 0.03 0.06 0.05 0.04]
 [0.08 0.04 0.05 0.05 0.   0.01 0.03 0.02 0.02 0.03]
 [0.07 0.03 0.04 0.04 0.01 0.   0.02 0.02 0.02 0.02]
 [0.06 0.03 0.03 0.03 0.03 0.02 0.   0.03 0.03 0.01]
 [0.08 0.05 0.06 0.06 0.02 0.02 0.03 0.   0.01 0.03]
 [0.08 0.04 0.05 0.05 0.02 0.02 0.03 0.01 0.   0.03]
 [0.06 0.02 0.03 0.04 0.03 0.02 0.01 0.03 0.03 0.  ]]
Computing DWT-based measure
Computing pairwise distributional patch-matching distance pw_symmetric_KL
img, mask, block_cuts shapes: (506, 596, 3) (506, 596) [3, 4]
residuals 2 0
new shapes (504, 596, 3) (504, 596)
block sizes 168 149
Blockified sizes (3, 4, 168, 149, 3) (3, 4, 168, 149)
	Nvalid pixels in patch mean: 243
	Nvalid pixels in patch mean: 52791
	Nvalid pixels in patch mean: 43329
	Nvalid pixels in patch mean: 5649
	Nvalid pixels in patch mean: 34875
	Nvalid pixels in patch mean: 75096
	Nvalid pixels in patch mean: 61239
	Nvalid pixels in patch mean: 1794
	Nvalid pixels in patch mean: 30042
	Nvalid pixels in patch mean: 17910
Means (masked)
[0.4  0.31 0.23] ,[0.52 0.35 0.23] ,[0.5  0.34 0.22] ,[0.46 0.34 0.24] ,

None ,[0.59 0.39 0.28] ,[0.56 0.38 0.28] ,[0.52 0.37 0.29] ,

None ,[0.59 0.39 0.33] ,[0.57 0.38 0.32] ,[0.54 0.36 0.27] ,

Covs (masked)
[[0. 0. 0.]
 [0. 0. 0.]
 [0. 0. 0.]] ,[[0. 0. 0.]
 [0. 0. 0.]
 [0. 0. 0.]] ,[[0. 0. 0.]
 [0. 0. 0.]
 [0. 0. 0.]] ,[[0. 0. 0.]
 [0. 0. 0.]
 [0. 0. 0.]] ,

None ,[[0. 0. 0.]
 [0. 0. 0.]
 [0. 0. 0.]] ,[[0. 0. 0.]
 [0. 0. 0.]
 [0. 0. 0.]] ,[[0. 0. 0.]
 [0. 0. 0.]
 [0. 0. 0.]] ,

None ,[[ 0.  0.  0.]
 [ 0.  0. -0.]
 [ 0. -0.  0.]] ,[[0. 0. 0.]
 [0. 0. 0.]
 [0. 0. 0.]] ,[[0. 0. 0.]
 [0. 0. 0.]
 [0. 0. 0.]] ,

IGNORING 2 PATCHES
N_valid 10

Distances:
 [[-2.00e-03  3.56e+01  2.50e+01  9.78e+00  8.09e+01  6.48e+01  2.12e+01
   1.13e+02  1.11e+02  6.21e+01]
 [ 3.56e+01 -1.36e-03  9.20e-01  1.15e+01  5.95e+00  2.85e+00  5.30e+00
   9.04e+00  7.36e+00  2.51e+00]
 [ 2.50e+01  9.20e-01 -9.56e-04  5.91e+00  1.06e+01  4.77e+00  3.26e+00
   1.20e+01  1.01e+01  3.28e+00]
 [ 9.78e+00  1.15e+01  5.91e+00 -1.57e-03  4.05e+01  2.38e+01  5.72e+00
   4.40e+01  4.20e+01  2.13e+01]
 [ 8.09e+01  5.95e+00  1.06e+01  4.05e+01 -1.10e-03  2.97e+00  1.01e+01
   3.32e+00  3.61e+00  5.57e+00]
 [ 6.48e+01  2.85e+00  4.77e+00  2.38e+01  2.97e+00 -2.09e-03  4.38e+00
   3.44e+00  2.01e+00  1.80e+00]
 [ 2.12e+01  5.30e+00  3.26e+00  5.72e+00  1.01e+01  4.38e+00 -1.20e-03
   1.06e+01  9.30e+00  4.85e+00]
 [ 1.13e+02  9.04e+00  1.20e+01  4.40e+01  3.32e+00  3.44e+00  1.06e+01
  -2.47e-03  7.21e-01  4.49e+00]
 [ 1.11e+02  7.36e+00  1.01e+01  4.20e+01  3.61e+00  2.01e+00  9.30e+00
   7.21e-01 -3.15e-03  2.91e+00]
 [ 6.21e+01  2.51e+00  3.28e+00  2.13e+01  5.57e+00  1.80e+00  4.85e+00
   4.49e+00  2.91e+00 -1.36e-03]]
Computing pairwise distributional patch-matching distance pw_W2
img, mask, block_cuts shapes: (506, 596, 3) (506, 596) [3, 4]
residuals 2 0
new shapes (504, 596, 3) (504, 596)
block sizes 168 149
Blockified sizes (3, 4, 168, 149, 3) (3, 4, 168, 149)
	Nvalid pixels in patch mean: 243
	Nvalid pixels in patch mean: 52791
	Nvalid pixels in patch mean: 43329
	Nvalid pixels in patch mean: 5649
	Nvalid pixels in patch mean: 34875
	Nvalid pixels in patch mean: 75096
	Nvalid pixels in patch mean: 61239
	Nvalid pixels in patch mean: 1794
	Nvalid pixels in patch mean: 30042
	Nvalid pixels in patch mean: 17910
Means (masked)
[0.4  0.31 0.23] ,[0.52 0.35 0.23] ,[0.5  0.34 0.22] ,[0.46 0.34 0.24] ,

None ,[0.59 0.39 0.28] ,[0.56 0.38 0.28] ,[0.52 0.37 0.29] ,

None ,[0.59 0.39 0.33] ,[0.57 0.38 0.32] ,[0.54 0.36 0.27] ,

Covs (masked)
[[0. 0. 0.]
 [0. 0. 0.]
 [0. 0. 0.]] ,[[0. 0. 0.]
 [0. 0. 0.]
 [0. 0. 0.]] ,[[0. 0. 0.]
 [0. 0. 0.]
 [0. 0. 0.]] ,[[0. 0. 0.]
 [0. 0. 0.]
 [0. 0. 0.]] ,

None ,[[0. 0. 0.]
 [0. 0. 0.]
 [0. 0. 0.]] ,[[0. 0. 0.]
 [0. 0. 0.]
 [0. 0. 0.]] ,[[0. 0. 0.]
 [0. 0. 0.]
 [0. 0. 0.]] ,

None ,[[ 0.  0.  0.]
 [ 0.  0. -0.]
 [ 0. -0.  0.]] ,[[0. 0. 0.]
 [0. 0. 0.]
 [0. 0. 0.]] ,[[0. 0. 0.]
 [0. 0. 0.]
 [0. 0. 0.]] ,

IGNORING 2 PATCHES
N_valid 10

Distances:
 [[1.00e-07 1.60e-02 9.83e-03 4.56e-03 4.33e-02 3.27e-02 2.13e-02 5.05e-02
  4.23e-02 2.24e-02]
 [1.60e-02 1.00e-07 2.26e-04 3.80e-03 7.90e-03 4.65e-03 3.89e-03 1.56e-02
  1.10e-02 1.91e-03]
 [9.83e-03 2.26e-04 1.00e-07 1.25e-03 1.33e-02 8.67e-03 5.61e-03 2.12e-02
  1.58e-02 3.97e-03]
 [4.56e-03 3.80e-03 1.25e-03 1.00e-07 1.95e-02 1.30e-02 6.85e-03 2.56e-02
  1.99e-02 7.07e-03]
 [4.33e-02 7.90e-03 1.33e-02 1.95e-02 1.00e-07 1.91e-04 4.68e-03 2.19e-03
  1.02e-03 3.40e-03]
 [3.27e-02 4.65e-03 8.67e-03 1.30e-02 1.91e-04 1.00e-07 1.31e-03 2.69e-03
  7.40e-04 8.50e-04]
 [2.13e-02 3.89e-03 5.61e-03 6.85e-03 4.68e-03 1.31e-03 1.00e-07 5.66e-03
  3.02e-03 2.66e-04]
 [5.05e-02 1.56e-02 2.12e-02 2.56e-02 2.19e-03 2.69e-03 5.66e-03 1.00e-07
  1.00e-07 6.14e-03]
 [4.23e-02 1.10e-02 1.58e-02 1.99e-02 1.02e-03 7.40e-04 3.02e-03 1.00e-07
  1.00e-07 3.33e-03]
 [2.24e-02 1.91e-03 3.97e-03 7.07e-03 3.40e-03 8.50e-04 2.66e-04 6.14e-03
  3.33e-03 1.00e-07]]
Computing pairwise distributional patch-matching distance pw_Hellinger
img, mask, block_cuts shapes: (506, 596, 3) (506, 596) [3, 4]
residuals 2 0
new shapes (504, 596, 3) (504, 596)
block sizes 168 149
Blockified sizes (3, 4, 168, 149, 3) (3, 4, 168, 149)
	Nvalid pixels in patch mean: 243
	Nvalid pixels in patch mean: 52791
	Nvalid pixels in patch mean: 43329
	Nvalid pixels in patch mean: 5649
	Nvalid pixels in patch mean: 34875
	Nvalid pixels in patch mean: 75096
	Nvalid pixels in patch mean: 61239
	Nvalid pixels in patch mean: 1794
	Nvalid pixels in patch mean: 30042
	Nvalid pixels in patch mean: 17910
Means (masked)
[0.4  0.31 0.23] ,[0.52 0.35 0.23] ,[0.5  0.34 0.22] ,[0.46 0.34 0.24] ,

None ,[0.59 0.39 0.28] ,[0.56 0.38 0.28] ,[0.52 0.37 0.29] ,

None ,[0.59 0.39 0.33] ,[0.57 0.38 0.32] ,[0.54 0.36 0.27] ,

Covs (masked)
[[0. 0. 0.]
 [0. 0. 0.]
 [0. 0. 0.]] ,[[0. 0. 0.]
 [0. 0. 0.]
 [0. 0. 0.]] ,[[0. 0. 0.]
 [0. 0. 0.]
 [0. 0. 0.]] ,[[0. 0. 0.]
 [0. 0. 0.]
 [0. 0. 0.]] ,

None ,[[0. 0. 0.]
 [0. 0. 0.]
 [0. 0. 0.]] ,[[0. 0. 0.]
 [0. 0. 0.]
 [0. 0. 0.]] ,[[0. 0. 0.]
 [0. 0. 0.]
 [0. 0. 0.]] ,

None ,[[ 0.  0.  0.]
 [ 0.  0. -0.]
 [ 0. -0.  0.]] ,[[0. 0. 0.]
 [0. 0. 0.]
 [0. 0. 0.]] ,[[0. 0. 0.]
 [0. 0. 0.]
 [0. 0. 0.]] ,

IGNORING 2 PATCHES
N_valid 10

Distances:
 [[0.98 1.   1.   0.99 1.   1.   1.   1.   1.   1.  ]
 [1.   0.96 0.96 0.99 0.98 0.98 0.98 0.98 0.98 0.96]
 [1.   0.96 0.94 0.98 0.99 0.98 0.96 0.99 0.99 0.96]
 [0.99 0.99 0.98 0.97 1.   1.   0.98 1.   1.   1.  ]
 [1.   0.98 0.99 1.   0.96 0.98 0.99 0.97 0.98 0.97]
 [1.   0.98 0.98 1.   0.98 0.97 0.98 0.98 0.98 0.97]
 [1.   0.98 0.96 0.98 0.99 0.98 0.95 0.99 0.99 0.97]
 [1.   0.98 0.99 1.   0.97 0.98 0.99 0.96 0.97 0.97]
 [1.   0.98 0.99 1.   0.98 0.98 0.99 0.97 0.97 0.97]
 [1.   0.96 0.96 1.   0.97 0.97 0.97 0.97 0.97 0.94]]
Computing pairwise distributional patch-matching distance pw_bhattacharyya
img, mask, block_cuts shapes: (506, 596, 3) (506, 596) [3, 4]
residuals 2 0
new shapes (504, 596, 3) (504, 596)
block sizes 168 149
Blockified sizes (3, 4, 168, 149, 3) (3, 4, 168, 149)
	Nvalid pixels in patch mean: 243
	Nvalid pixels in patch mean: 52791
	Nvalid pixels in patch mean: 43329
	Nvalid pixels in patch mean: 5649
	Nvalid pixels in patch mean: 34875
	Nvalid pixels in patch mean: 75096
	Nvalid pixels in patch mean: 61239
	Nvalid pixels in patch mean: 1794
	Nvalid pixels in patch mean: 30042
	Nvalid pixels in patch mean: 17910
Means (masked)
[0.4  0.31 0.23] ,[0.52 0.35 0.23] ,[0.5  0.34 0.22] ,[0.46 0.34 0.24] ,

None ,[0.59 0.39 0.28] ,[0.56 0.38 0.28] ,[0.52 0.37 0.29] ,

None ,[0.59 0.39 0.33] ,[0.57 0.38 0.32] ,[0.54 0.36 0.27] ,

Covs (masked)
[[0. 0. 0.]
 [0. 0. 0.]
 [0. 0. 0.]] ,[[0. 0. 0.]
 [0. 0. 0.]
 [0. 0. 0.]] ,[[0. 0. 0.]
 [0. 0. 0.]
 [0. 0. 0.]] ,[[0. 0. 0.]
 [0. 0. 0.]
 [0. 0. 0.]] ,

None ,[[0. 0. 0.]
 [0. 0. 0.]
 [0. 0. 0.]] ,[[0. 0. 0.]
 [0. 0. 0.]
 [0. 0. 0.]] ,[[0. 0. 0.]
 [0. 0. 0.]
 [0. 0. 0.]] ,

None ,[[ 0.  0.  0.]
 [ 0.  0. -0.]
 [ 0. -0.  0.]] ,[[0. 0. 0.]
 [0. 0. 0.]
 [0. 0. 0.]] ,[[0. 0. 0.]
 [0. 0. 0.]
 [0. 0. 0.]] ,

IGNORING 2 PATCHES
N_valid 10

Distances:
 [[-7.9  -3.17 -4.32 -6.53  2.43  0.27 -4.89  6.13  5.94  0.24]
 [-3.17 -7.28 -6.99 -5.91 -6.59 -7.14 -6.49 -6.28 -6.65 -6.79]
 [-4.32 -6.99 -6.92 -6.44 -5.83 -6.73 -6.57 -5.69 -6.11 -6.5 ]
 [-6.53 -5.91 -6.44 -7.41 -2.33 -4.6  -6.51 -1.92 -2.32 -4.51]
 [ 2.43 -6.59 -5.83 -2.33 -7.37 -7.17 -5.94 -6.98 -7.1  -6.44]
 [ 0.27 -7.14 -6.73 -4.6  -7.17 -7.71 -6.83 -7.14 -7.44 -7.09]
 [-4.89 -6.49 -6.57 -6.51 -5.94 -6.83 -7.03 -5.91 -6.25 -6.36]
 [ 6.13 -6.28 -5.69 -1.92 -6.98 -7.14 -5.91 -7.33 -7.4  -6.55]
 [ 5.94 -6.65 -6.11 -2.32 -7.1  -7.44 -6.25 -7.4  -7.65 -6.91]
 [ 0.24 -6.79 -6.5  -4.51 -6.44 -7.09 -6.36 -6.55 -6.91 -6.88]]
Computing pairwise distributional patch-matching distance pw_FMATF
img, mask, block_cuts shapes: (506, 596, 3) (506, 596) [3, 4]
residuals 2 0
new shapes (504, 596, 3) (504, 596)
block sizes 168 149
Blockified sizes (3, 4, 168, 149, 3) (3, 4, 168, 149)
	Nvalid pixels in patch mean: 243
	Nvalid pixels in patch mean: 52791
	Nvalid pixels in patch mean: 43329
	Nvalid pixels in patch mean: 5649
	Nvalid pixels in patch mean: 34875
	Nvalid pixels in patch mean: 75096
	Nvalid pixels in patch mean: 61239
	Nvalid pixels in patch mean: 1794
	Nvalid pixels in patch mean: 30042
	Nvalid pixels in patch mean: 17910
Means (masked)
[0.4  0.31 0.23] ,[0.52 0.35 0.23] ,[0.5  0.34 0.22] ,[0.46 0.34 0.24] ,

None ,[0.59 0.39 0.28] ,[0.56 0.38 0.28] ,[0.52 0.37 0.29] ,

None ,[0.59 0.39 0.33] ,[0.57 0.38 0.32] ,[0.54 0.36 0.27] ,

Covs (masked)
[[0. 0. 0.]
 [0. 0. 0.]
 [0. 0. 0.]] ,[[0. 0. 0.]
 [0. 0. 0.]
 [0. 0. 0.]] ,[[0. 0. 0.]
 [0. 0. 0.]
 [0. 0. 0.]] ,[[0. 0. 0.]
 [0. 0. 0.]
 [0. 0. 0.]] ,

None ,[[0. 0. 0.]
 [0. 0. 0.]
 [0. 0. 0.]] ,[[0. 0. 0.]
 [0. 0. 0.]
 [0. 0. 0.]] ,[[0. 0. 0.]
 [0. 0. 0.]
 [0. 0. 0.]] ,

None ,[[ 0.  0.  0.]
 [ 0.  0. -0.]
 [ 0. -0.  0.]] ,[[0. 0. 0.]
 [0. 0. 0.]
 [0. 0. 0.]] ,[[0. 0. 0.]
 [0. 0. 0.]
 [0. 0. 0.]] ,

IGNORING 2 PATCHES
N_valid 10

Distances:
 [[1.49e-02 7.38e+00 6.50e+00 4.73e+00 1.07e+01 9.41e+00 6.35e+00 1.30e+01
  1.26e+01 9.68e+00]
 [7.38e+00 1.16e-02 1.46e+00 4.55e+00 3.57e+00 2.49e+00 3.06e+00 4.70e+00
  4.26e+00 2.64e+00]
 [6.50e+00 1.46e+00 8.31e-03 3.47e+00 4.28e+00 3.12e+00 2.37e+00 5.13e+00
  4.74e+00 2.80e+00]
 [4.73e+00 4.55e+00 3.47e+00 1.34e-02 6.98e+00 5.68e+00 3.12e+00 8.30e+00
  7.96e+00 5.97e+00]
 [1.07e+01 3.57e+00 4.28e+00 6.98e+00 9.03e-03 2.59e+00 4.11e+00 3.01e+00
  3.08e+00 3.52e+00]
 [9.41e+00 2.49e+00 3.12e+00 5.68e+00 2.59e+00 1.78e-02 2.93e+00 3.01e+00
  2.37e+00 2.22e+00]
 [6.35e+00 3.06e+00 2.37e+00 3.12e+00 4.11e+00 2.93e+00 1.06e-02 4.78e+00
  4.51e+00 3.33e+00]
 [1.30e+01 4.70e+00 5.13e+00 8.30e+00 3.01e+00 3.01e+00 4.78e+00 2.18e-02
  1.41e+00 3.18e+00]
 [1.26e+01 4.26e+00 4.74e+00 7.96e+00 3.08e+00 2.37e+00 4.51e+00 1.41e+00
  2.75e-02 2.66e+00]
 [9.68e+00 2.64e+00 2.80e+00 5.97e+00 3.52e+00 2.22e+00 3.33e+00 3.18e+00
  2.66e+00 1.23e-02]]
spot/cuvieri_0123_aVIS.png,3.7184e+00,2.0699e+00,7.2464e+00,2.3985e+00,5.0130e-03,-5.3114e+01,-7.2381e+01,4.0115e+02,2.7638e-02,3.3417e-02,3.1082e-03,1.7311e+01,9.7833e-03,9.8069e-01,-5.2212e+00,4.3569e+00
Reading image: spot/lyra_SC_51757.png
Image Shape: (506, 596, 3)
Channelwise Min/Max
0 Min: 0 | Max: 255
1 Min: 0 | Max: 193
2 Min: 0 | Max: 178
Computing image entropy (alpha masked)
	N_pixels before & after masking: 301576 -> 107656
Computing local discrete entropies
Computing Fourier images
Computing local patch covariances
	Patches Size: (3, 98, 116, 20, 20) (Mask Size: (98, 116, 20, 20))
Computing average edginess
Computing continuous pixel-wise differential entropy
	Mask Sum: 107656, Orig Shape: (301576, 3), Masked Shape: (107656, 3)
Computing continuous patch-wise differential entropy
	Patch windows size: (3, 252, 297, 3, 3)
	Resampling patch vectors (original size: (26484, 27))
	Patch vectors shape: (10000, 27)
Computing global patch-wise covariance
	Patch windows size: (3, 249, 294, 10, 10)
	Patch vectors shape: (25020, 300)
Computing patch-wise distances between means
img, mask, block_cuts shapes: (506, 596, 3) (506, 596) [3, 4]
residuals 2 0
new shapes (504, 596, 3) (504, 596)
block sizes 168 149
Blockified sizes (3, 4, 168, 149, 3) (3, 4, 168, 149)
	Nvalid pixels in patch mean: 243
	Nvalid pixels in patch mean: 52791
	Nvalid pixels in patch mean: 43329
	Nvalid pixels in patch mean: 5649
	Nvalid pixels in patch mean: 34875
	Nvalid pixels in patch mean: 75096
	Nvalid pixels in patch mean: 61239
	Nvalid pixels in patch mean: 1794
	Nvalid pixels in patch mean: 30042
	Nvalid pixels in patch mean: 17910
Means (masked)
[0.86 0.57 0.4 ] ,[0.94 0.35 0.1 ] ,[0.7  0.22 0.05] ,[0.88 0.28 0.04] ,

None ,[0.96 0.33 0.05] ,[0.54 0.18 0.04] ,[0.92 0.29 0.03] ,

None ,[0.95 0.33 0.05] ,[0.95 0.31 0.06] ,[0.92 0.3  0.07] ,

Covs (masked)
[[0.   0.01 0.01]
 [0.01 0.02 0.02]
 [0.01 0.02 0.02]] ,[[ 0.   -0.   -0.  ]
 [-0.    0.01  0.02]
 [-0.    0.02  0.02]] ,[[ 0.08  0.02 -0.  ]
 [ 0.02  0.01  0.  ]
 [-0.    0.    0.01]] ,[[0.   0.   0.  ]
 [0.   0.   0.01]
 [0.   0.01 0.01]] ,

None ,[[ 0.    0.   -0.  ]
 [ 0.    0.    0.  ]
 [-0.    0.    0.01]] ,[[ 0.1   0.03 -0.01]
 [ 0.03  0.01 -0.  ]
 [-0.01 -0.    0.  ]] ,[[0. 0. 0.]
 [0. 0. 0.]
 [0. 0. 0.]] ,

None ,[[ 0.   -0.   -0.  ]
 [-0.    0.    0.  ]
 [-0.    0.    0.01]] ,[[ 0.   -0.   -0.  ]
 [-0.    0.    0.01]
 [-0.    0.01  0.01]] ,[[ 0.    0.   -0.  ]
 [ 0.    0.    0.01]
 [-0.    0.01  0.01]] ,

IGNORING 2 PATCHES
N_valid 10

Distances:
 [[1.05e-04 1.29e-01 1.75e-01 1.55e-01 1.48e-01 2.06e-01 1.58e-01 1.45e-01
  1.49e-01 1.46e-01]
 [1.29e-01 1.05e-04 8.94e-02 3.47e-02 2.05e-02 1.43e-01 3.07e-02 1.67e-02
  1.96e-02 1.92e-02]
 [1.75e-01 8.94e-02 1.05e-04 6.14e-02 9.28e-02 5.50e-02 7.48e-02 8.91e-02
  8.54e-02 7.74e-02]
 [1.55e-01 3.47e-02 6.14e-02 1.05e-04 3.19e-02 1.16e-01 1.42e-02 2.91e-02
  2.44e-02 1.76e-02]
 [1.48e-01 2.05e-02 9.28e-02 3.19e-02 1.05e-04 1.47e-01 2.03e-02 5.57e-03
  9.82e-03 1.75e-02]
 [2.06e-01 1.43e-01 5.50e-02 1.16e-01 1.47e-01 1.05e-04 1.29e-01 1.43e-01
  1.40e-01 1.32e-01]
 [1.58e-01 3.07e-02 7.48e-02 1.42e-02 2.03e-02 1.29e-01 1.05e-04 1.91e-02
  1.48e-02 1.36e-02]
 [1.45e-01 1.67e-02 8.91e-02 2.91e-02 5.57e-03 1.43e-01 1.91e-02 1.05e-04
  9.58e-03 1.48e-02]
 [1.49e-01 1.96e-02 8.54e-02 2.44e-02 9.82e-03 1.40e-01 1.48e-02 9.58e-03
  1.05e-04 8.91e-03]
 [1.46e-01 1.92e-02 7.74e-02 1.76e-02 1.75e-02 1.32e-01 1.36e-02 1.48e-02
  8.91e-03 1.05e-04]]
Computing patch-wise distances between central moments
img, mask, block_cuts shapes: (506, 596, 3) (506, 596) [3, 4]
residuals 2 0
new shapes (504, 596, 3) (504, 596)
block sizes 168 149
Blockified sizes (3, 4, 168, 149, 3) (3, 4, 168, 149)
	Nvalid pixels in patch mean: 243
	Nvalid pixels in patch mean: 52791
	Nvalid pixels in patch mean: 43329
	Nvalid pixels in patch mean: 5649
	Nvalid pixels in patch mean: 34875
	Nvalid pixels in patch mean: 75096
	Nvalid pixels in patch mean: 61239
	Nvalid pixels in patch mean: 1794
	Nvalid pixels in patch mean: 30042
	Nvalid pixels in patch mean: 17910
Means (masked)
[0.86 0.57 0.4 ] ,[0.94 0.35 0.1 ] ,[0.7  0.22 0.05] ,[0.88 0.28 0.04] ,

None ,[0.96 0.33 0.05] ,[0.54 0.18 0.04] ,[0.92 0.29 0.03] ,

None ,[0.95 0.33 0.05] ,[0.95 0.31 0.06] ,[0.92 0.3  0.07] ,

Covs (masked)
[[0.   0.01 0.01]
 [0.01 0.02 0.02]
 [0.01 0.02 0.02]] ,[[ 0.   -0.   -0.  ]
 [-0.    0.01  0.02]
 [-0.    0.02  0.02]] ,[[ 0.08  0.02 -0.  ]
 [ 0.02  0.01  0.  ]
 [-0.    0.    0.01]] ,[[0.   0.   0.  ]
 [0.   0.   0.01]
 [0.   0.01 0.01]] ,

None ,[[ 0.    0.   -0.  ]
 [ 0.    0.    0.  ]
 [-0.    0.    0.01]] ,[[ 0.1   0.03 -0.01]
 [ 0.03  0.01 -0.  ]
 [-0.01 -0.    0.  ]] ,[[0. 0. 0.]
 [0. 0. 0.]
 [0. 0. 0.]] ,

None ,[[ 0.   -0.   -0.  ]
 [-0.    0.    0.  ]
 [-0.    0.    0.01]] ,[[ 0.   -0.   -0.  ]
 [-0.    0.    0.01]
 [-0.    0.01  0.01]] ,[[ 0.    0.   -0.  ]
 [ 0.    0.    0.01]
 [-0.    0.01  0.01]] ,

IGNORING 2 PATCHES
N_valid 10

Distances:
 [[1.41e-04 1.52e-01 2.22e-01 1.86e-01 1.81e-01 2.60e-01 1.92e-01 1.78e-01
  1.81e-01 1.76e-01]
 [1.52e-01 1.41e-04 1.35e-01 6.01e-02 4.50e-02 1.94e-01 5.82e-02 4.15e-02
  4.28e-02 4.10e-02]
 [2.22e-01 1.35e-01 1.41e-04 1.03e-01 1.34e-01 8.01e-02 1.17e-01 1.30e-01
  1.27e-01 1.20e-01]
 [1.86e-01 6.01e-02 1.03e-01 1.41e-04 4.20e-02 1.64e-01 2.80e-02 4.23e-02
  3.61e-02 3.10e-02]
 [1.81e-01 4.50e-02 1.34e-01 4.20e-02 1.41e-04 1.95e-01 3.28e-02 1.50e-02
  1.82e-02 2.92e-02]
 [2.60e-01 1.94e-01 8.01e-02 1.64e-01 1.95e-01 1.41e-04 1.76e-01 1.91e-01
  1.88e-01 1.81e-01]
 [1.92e-01 5.82e-02 1.17e-01 2.80e-02 3.28e-02 1.76e-01 1.41e-04 3.12e-02
  2.96e-02 3.02e-02]
 [1.78e-01 4.15e-02 1.30e-01 4.23e-02 1.50e-02 1.91e-01 3.12e-02 1.41e-04
  2.01e-02 2.96e-02]
 [1.81e-01 4.28e-02 1.27e-01 3.61e-02 1.82e-02 1.88e-01 2.96e-02 2.01e-02
  1.41e-04 1.94e-02]
 [1.76e-01 4.10e-02 1.20e-01 3.10e-02 2.92e-02 1.81e-01 3.02e-02 2.96e-02
  1.94e-02 1.41e-04]]
Computing DWT-based measure
Computing pairwise distributional patch-matching distance pw_symmetric_KL
img, mask, block_cuts shapes: (506, 596, 3) (506, 596) [3, 4]
residuals 2 0
new shapes (504, 596, 3) (504, 596)
block sizes 168 149
Blockified sizes (3, 4, 168, 149, 3) (3, 4, 168, 149)
	Nvalid pixels in patch mean: 243
	Nvalid pixels in patch mean: 52791
	Nvalid pixels in patch mean: 43329
	Nvalid pixels in patch mean: 5649
	Nvalid pixels in patch mean: 34875
	Nvalid pixels in patch mean: 75096
	Nvalid pixels in patch mean: 61239
	Nvalid pixels in patch mean: 1794
	Nvalid pixels in patch mean: 30042
	Nvalid pixels in patch mean: 17910
Means (masked)
[0.86 0.57 0.4 ] ,[0.94 0.35 0.1 ] ,[0.7  0.22 0.05] ,[0.88 0.28 0.04] ,

None ,[0.96 0.33 0.05] ,[0.54 0.18 0.04] ,[0.92 0.29 0.03] ,

None ,[0.95 0.33 0.05] ,[0.95 0.31 0.06] ,[0.92 0.3  0.07] ,

Covs (masked)
[[0.   0.01 0.01]
 [0.01 0.02 0.02]
 [0.01 0.02 0.02]] ,[[ 0.   -0.   -0.  ]
 [-0.    0.01  0.02]
 [-0.    0.02  0.02]] ,[[ 0.08  0.02 -0.  ]
 [ 0.02  0.01  0.  ]
 [-0.    0.    0.01]] ,[[0.   0.   0.  ]
 [0.   0.   0.01]
 [0.   0.01 0.01]] ,

None ,[[ 0.    0.   -0.  ]
 [ 0.    0.    0.  ]
 [-0.    0.    0.01]] ,[[ 0.1   0.03 -0.01]
 [ 0.03  0.01 -0.  ]
 [-0.01 -0.    0.  ]] ,[[0. 0. 0.]
 [0. 0. 0.]
 [0. 0. 0.]] ,

None ,[[ 0.   -0.   -0.  ]
 [-0.    0.    0.  ]
 [-0.    0.    0.01]] ,[[ 0.   -0.   -0.  ]
 [-0.    0.    0.01]
 [-0.    0.01  0.01]] ,[[ 0.    0.   -0.  ]
 [ 0.    0.    0.01]
 [-0.    0.01  0.01]] ,

IGNORING 2 PATCHES
N_valid 10

Distances:
 [[-1.92e-04  1.23e+01  3.47e+01  2.15e+01  2.78e+01  4.62e+01  3.24e+01
   2.93e+01  2.94e+01  2.52e+01]
 [ 1.23e+01 -2.83e-04  2.43e+01  3.90e+00  1.65e+00  3.64e+01  3.98e+00
   3.01e+00  1.70e+00  2.05e+00]
 [ 3.47e+01  2.43e+01 -5.37e-04  1.74e+01  2.78e+01  2.97e+00  3.44e+01
   5.97e+01  3.45e+01  2.73e+01]
 [ 2.15e+01  3.90e+00  1.74e+01 -6.37e-04  5.20e+00  2.56e+01  2.01e+00
   7.56e+00  3.18e+00  1.42e+00]
 [ 2.78e+01  1.65e+00  2.78e+01  5.20e+00 -3.88e-04  3.55e+01  2.51e+00
   8.61e-01  1.59e+00  2.99e+00]
 [ 4.62e+01  3.64e+01  2.97e+00  2.56e+01  3.55e+01 -3.77e-04  4.36e+01
   7.24e+01  4.65e+01  3.87e+01]
 [ 3.24e+01  3.98e+00  3.44e+01  2.01e+00  2.51e+00  4.36e+01 -7.03e-04
   3.37e+00  2.09e+00  1.81e+00]
 [ 2.93e+01  3.01e+00  5.97e+01  7.56e+00  8.61e-01  7.24e+01  3.37e+00
  -5.47e-04  2.98e+00  4.94e+00]
 [ 2.94e+01  1.70e+00  3.45e+01  3.18e+00  1.59e+00  4.65e+01  2.09e+00
   2.98e+00 -4.80e-04  5.76e-01]
 [ 2.52e+01  2.05e+00  2.73e+01  1.42e+00  2.99e+00  3.87e+01  1.81e+00
   4.94e+00  5.76e-01 -5.46e-04]]
Computing pairwise distributional patch-matching distance pw_W2
img, mask, block_cuts shapes: (506, 596, 3) (506, 596) [3, 4]
residuals 2 0
new shapes (504, 596, 3) (504, 596)
block sizes 168 149
Blockified sizes (3, 4, 168, 149, 3) (3, 4, 168, 149)
	Nvalid pixels in patch mean: 243
	Nvalid pixels in patch mean: 52791
	Nvalid pixels in patch mean: 43329
	Nvalid pixels in patch mean: 5649
	Nvalid pixels in patch mean: 34875
	Nvalid pixels in patch mean: 75096
	Nvalid pixels in patch mean: 61239
	Nvalid pixels in patch mean: 1794
	Nvalid pixels in patch mean: 30042
	Nvalid pixels in patch mean: 17910
Means (masked)
[0.86 0.57 0.4 ] ,[0.94 0.35 0.1 ] ,[0.7  0.22 0.05] ,[0.88 0.28 0.04] ,

None ,[0.96 0.33 0.05] ,[0.54 0.18 0.04] ,[0.92 0.29 0.03] ,

None ,[0.95 0.33 0.05] ,[0.95 0.31 0.06] ,[0.92 0.3  0.07] ,

Covs (masked)
[[0.   0.01 0.01]
 [0.01 0.02 0.02]
 [0.01 0.02 0.02]] ,[[ 0.   -0.   -0.  ]
 [-0.    0.01  0.02]
 [-0.    0.02  0.02]] ,[[ 0.08  0.02 -0.  ]
 [ 0.02  0.01  0.  ]
 [-0.    0.    0.01]] ,[[0.   0.   0.  ]
 [0.   0.   0.01]
 [0.   0.01 0.01]] ,

None ,[[ 0.    0.   -0.  ]
 [ 0.    0.    0.  ]
 [-0.    0.    0.01]] ,[[ 0.1   0.03 -0.01]
 [ 0.03  0.01 -0.  ]
 [-0.01 -0.    0.  ]] ,[[0. 0. 0.]
 [0. 0. 0.]
 [0. 0. 0.]] ,

None ,[[ 0.   -0.   -0.  ]
 [-0.    0.    0.  ]
 [-0.    0.    0.01]] ,[[ 0.   -0.   -0.  ]
 [-0.    0.    0.01]
 [-0.    0.01  0.01]] ,[[ 0.    0.   -0.  ]
 [ 0.    0.    0.01]
 [-0.    0.01  0.01]] ,

IGNORING 2 PATCHES
N_valid 10

Distances:
 [[1.00e-07 1.53e-01 3.35e-01 2.26e-01 2.09e-01 4.68e-01 2.40e-01 2.02e-01
  2.08e-01 1.98e-01]
 [1.53e-01 1.00e-07 1.40e-01 1.70e-02 9.80e-03 2.80e-01 2.04e-02 1.02e-02
  8.14e-03 6.22e-03]
 [3.35e-01 1.40e-01 1.00e-07 9.09e-02 1.40e-01 3.08e-02 1.16e-01 1.41e-01
  1.31e-01 1.18e-01]
 [2.26e-01 1.70e-02 9.09e-02 1.00e-07 9.17e-03 1.98e-01 2.60e-03 8.51e-03
  5.68e-03 3.20e-03]
 [2.09e-01 9.80e-03 1.40e-01 9.17e-03 1.00e-07 2.77e-01 4.39e-03 2.89e-04
  6.58e-04 2.97e-03]
 [4.68e-01 2.80e-01 3.08e-02 1.98e-01 2.77e-01 1.00e-07 2.33e-01 2.74e-01
  2.64e-01 2.43e-01]
 [2.40e-01 2.04e-02 1.16e-01 2.60e-03 4.39e-03 2.33e-01 1.00e-07 3.79e-03
  3.34e-03 4.20e-03]
 [2.02e-01 1.02e-02 1.41e-01 8.51e-03 2.89e-04 2.74e-01 3.79e-03 1.00e-07
  8.32e-04 2.84e-03]
 [2.08e-01 8.14e-03 1.31e-01 5.68e-03 6.58e-04 2.64e-01 3.34e-03 8.32e-04
  1.00e-07 5.74e-04]
 [1.98e-01 6.22e-03 1.18e-01 3.20e-03 2.97e-03 2.43e-01 4.20e-03 2.84e-03
  5.74e-04 1.00e-07]]
Computing pairwise distributional patch-matching distance pw_Hellinger
img, mask, block_cuts shapes: (506, 596, 3) (506, 596) [3, 4]
residuals 2 0
new shapes (504, 596, 3) (504, 596)
block sizes 168 149
Blockified sizes (3, 4, 168, 149, 3) (3, 4, 168, 149)
	Nvalid pixels in patch mean: 243
	Nvalid pixels in patch mean: 52791
	Nvalid pixels in patch mean: 43329
	Nvalid pixels in patch mean: 5649
	Nvalid pixels in patch mean: 34875
	Nvalid pixels in patch mean: 75096
	Nvalid pixels in patch mean: 61239
	Nvalid pixels in patch mean: 1794
	Nvalid pixels in patch mean: 30042
	Nvalid pixels in patch mean: 17910
Means (masked)
[0.86 0.57 0.4 ] ,[0.94 0.35 0.1 ] ,[0.7  0.22 0.05] ,[0.88 0.28 0.04] ,

None ,[0.96 0.33 0.05] ,[0.54 0.18 0.04] ,[0.92 0.29 0.03] ,

None ,[0.95 0.33 0.05] ,[0.95 0.31 0.06] ,[0.92 0.3  0.07] ,

Covs (masked)
[[0.   0.01 0.01]
 [0.01 0.02 0.02]
 [0.01 0.02 0.02]] ,[[ 0.   -0.   -0.  ]
 [-0.    0.01  0.02]
 [-0.    0.02  0.02]] ,[[ 0.08  0.02 -0.  ]
 [ 0.02  0.01  0.  ]
 [-0.    0.    0.01]] ,[[0.   0.   0.  ]
 [0.   0.   0.01]
 [0.   0.01 0.01]] ,

None ,[[ 0.    0.   -0.  ]
 [ 0.    0.    0.  ]
 [-0.    0.    0.01]] ,[[ 0.1   0.03 -0.01]
 [ 0.03  0.01 -0.  ]
 [-0.01 -0.    0.  ]] ,[[0. 0. 0.]
 [0. 0. 0.]
 [0. 0. 0.]] ,

None ,[[ 0.   -0.   -0.  ]
 [-0.    0.    0.  ]
 [-0.    0.    0.01]] ,[[ 0.   -0.   -0.  ]
 [-0.    0.    0.01]
 [-0.    0.01  0.01]] ,[[ 0.    0.   -0.  ]
 [ 0.    0.    0.01]
 [-0.    0.01  0.01]] ,

IGNORING 2 PATCHES
N_valid 10

Distances:
 [[0.39 0.87 0.93 0.97 0.98 0.95 0.99 0.98 0.99 0.98]
 [0.87 0.53 0.68 0.77 0.68 0.8  0.79 0.76 0.71 0.71]
 [0.93 0.68 0.22 0.66 0.75 0.45 0.77 0.83 0.72 0.69]
 [0.97 0.77 0.66 0.79 0.87 0.79 0.88 0.92 0.85 0.81]
 [0.98 0.68 0.75 0.87 0.76 0.81 0.87 0.82 0.81 0.83]
 [0.95 0.8  0.45 0.79 0.81 0.35 0.83 0.86 0.83 0.83]
 [0.99 0.79 0.77 0.88 0.87 0.83 0.89 0.91 0.87 0.86]
 [0.98 0.76 0.83 0.92 0.82 0.86 0.91 0.86 0.88 0.9 ]
 [0.99 0.71 0.72 0.85 0.81 0.83 0.87 0.88 0.79 0.79]
 [0.98 0.71 0.69 0.81 0.83 0.83 0.86 0.9  0.79 0.77]]
Computing pairwise distributional patch-matching distance pw_bhattacharyya
img, mask, block_cuts shapes: (506, 596, 3) (506, 596) [3, 4]
residuals 2 0
new shapes (504, 596, 3) (504, 596)
block sizes 168 149
Blockified sizes (3, 4, 168, 149, 3) (3, 4, 168, 149)
	Nvalid pixels in patch mean: 243
	Nvalid pixels in patch mean: 52791
	Nvalid pixels in patch mean: 43329
	Nvalid pixels in patch mean: 5649
	Nvalid pixels in patch mean: 34875
	Nvalid pixels in patch mean: 75096
	Nvalid pixels in patch mean: 61239
	Nvalid pixels in patch mean: 1794
	Nvalid pixels in patch mean: 30042
	Nvalid pixels in patch mean: 17910
Means (masked)
[0.86 0.57 0.4 ] ,[0.94 0.35 0.1 ] ,[0.7  0.22 0.05] ,[0.88 0.28 0.04] ,

None ,[0.96 0.33 0.05] ,[0.54 0.18 0.04] ,[0.92 0.29 0.03] ,

None ,[0.95 0.33 0.05] ,[0.95 0.31 0.06] ,[0.92 0.3  0.07] ,

Covs (masked)
[[0.   0.01 0.01]
 [0.01 0.02 0.02]
 [0.01 0.02 0.02]] ,[[ 0.   -0.   -0.  ]
 [-0.    0.01  0.02]
 [-0.    0.02  0.02]] ,[[ 0.08  0.02 -0.  ]
 [ 0.02  0.01  0.  ]
 [-0.    0.    0.01]] ,[[0.   0.   0.  ]
 [0.   0.   0.01]
 [0.   0.01 0.01]] ,

None ,[[ 0.    0.   -0.  ]
 [ 0.    0.    0.  ]
 [-0.    0.    0.01]] ,[[ 0.1   0.03 -0.01]
 [ 0.03  0.01 -0.  ]
 [-0.01 -0.    0.  ]] ,[[0. 0. 0.]
 [0. 0. 0.]
 [0. 0. 0.]] ,

None ,[[ 0.   -0.   -0.  ]
 [-0.    0.    0.  ]
 [-0.    0.    0.01]] ,[[ 0.   -0.   -0.  ]
 [-0.    0.    0.01]
 [-0.    0.01  0.01]] ,[[ 0.    0.   -0.  ]
 [ 0.    0.    0.01]
 [-0.    0.01  0.01]] ,

IGNORING 2 PATCHES
N_valid 10

Distances:
 [[-4.3  -2.97 -1.51 -2.32 -1.47 -1.34 -1.45 -1.96 -1.4  -1.82]
 [-2.97 -4.65 -3.22 -4.65 -4.85 -2.92 -5.09 -5.04 -4.92 -4.82]
 [-1.51 -3.22 -3.81 -4.01 -3.51 -3.67 -4.02 -3.46 -3.73 -3.75]
 [-2.32 -4.65 -4.01 -5.57 -4.85 -3.73 -5.66 -4.9  -5.19 -5.34]
 [-1.47 -4.85 -3.51 -4.85 -5.41 -3.48 -5.52 -5.62 -5.3  -5.07]
 [-1.34 -2.92 -3.67 -3.73 -3.48 -4.2  -4.02 -3.55 -3.41 -3.37]
 [-1.45 -5.09 -4.02 -5.66 -5.52 -4.02 -6.25 -5.72 -5.66 -5.64]
 [-1.96 -5.04 -3.46 -4.9  -5.62 -3.55 -5.72 -6.02 -5.43 -5.14]
 [-1.4  -4.92 -3.73 -5.19 -5.3  -3.41 -5.66 -5.43 -5.58 -5.45]
 [-1.82 -4.82 -3.75 -5.34 -5.07 -3.37 -5.64 -5.14 -5.45 -5.47]]
Computing pairwise distributional patch-matching distance pw_FMATF
img, mask, block_cuts shapes: (506, 596, 3) (506, 596) [3, 4]
residuals 2 0
new shapes (504, 596, 3) (504, 596)
block sizes 168 149
Blockified sizes (3, 4, 168, 149, 3) (3, 4, 168, 149)
	Nvalid pixels in patch mean: 243
	Nvalid pixels in patch mean: 52791
	Nvalid pixels in patch mean: 43329
	Nvalid pixels in patch mean: 5649
	Nvalid pixels in patch mean: 34875
	Nvalid pixels in patch mean: 75096
	Nvalid pixels in patch mean: 61239
	Nvalid pixels in patch mean: 1794
	Nvalid pixels in patch mean: 30042
	Nvalid pixels in patch mean: 17910
Means (masked)
[0.86 0.57 0.4 ] ,[0.94 0.35 0.1 ] ,[0.7  0.22 0.05] ,[0.88 0.28 0.04] ,

None ,[0.96 0.33 0.05] ,[0.54 0.18 0.04] ,[0.92 0.29 0.03] ,

None ,[0.95 0.33 0.05] ,[0.95 0.31 0.06] ,[0.92 0.3  0.07] ,

Covs (masked)
[[0.   0.01 0.01]
 [0.01 0.02 0.02]
 [0.01 0.02 0.02]] ,[[ 0.   -0.   -0.  ]
 [-0.    0.01  0.02]
 [-0.    0.02  0.02]] ,[[ 0.08  0.02 -0.  ]
 [ 0.02  0.01  0.  ]
 [-0.    0.    0.01]] ,[[0.   0.   0.  ]
 [0.   0.   0.01]
 [0.   0.01 0.01]] ,

None ,[[ 0.    0.   -0.  ]
 [ 0.    0.    0.  ]
 [-0.    0.    0.01]] ,[[ 0.1   0.03 -0.01]
 [ 0.03  0.01 -0.  ]
 [-0.01 -0.    0.  ]] ,[[0. 0. 0.]
 [0. 0. 0.]
 [0. 0. 0.]] ,

None ,[[ 0.   -0.   -0.  ]
 [-0.    0.    0.  ]
 [-0.    0.    0.01]] ,[[ 0.   -0.   -0.  ]
 [-0.    0.    0.01]
 [-0.    0.01  0.01]] ,[[ 0.    0.   -0.  ]
 [ 0.    0.    0.01]
 [-0.    0.01  0.01]] ,

IGNORING 2 PATCHES
N_valid 10

Distances:
 [[2.66e-03 4.99e+00 7.88e+00 6.37e+00 7.04e+00 8.72e+00 7.88e+00 7.63e+00
  7.38e+00 6.85e+00]
 [4.99e+00 3.33e-03 5.52e+00 3.19e+00 2.13e+00 6.78e+00 3.06e+00 2.74e+00
  2.17e+00 2.35e+00]
 [7.88e+00 5.52e+00 5.83e-03 4.50e+00 5.83e+00 2.81e+00 5.70e+00 6.92e+00
  5.55e+00 5.24e+00]
 [6.37e+00 3.19e+00 4.50e+00 6.36e-03 3.18e+00 5.88e+00 2.22e+00 4.10e+00
  2.73e+00 1.90e+00]
 [7.04e+00 2.13e+00 5.83e+00 3.18e+00 4.12e-03 6.40e+00 2.47e+00 1.57e+00
  1.66e+00 2.30e+00]
 [8.72e+00 6.78e+00 2.81e+00 5.88e+00 6.40e+00 4.17e-03 6.25e+00 7.22e+00
  6.83e+00 6.71e+00]
 [7.88e+00 3.06e+00 5.70e+00 2.22e+00 2.47e+00 6.25e+00 6.58e-03 2.81e+00
  2.30e+00 2.20e+00]
 [7.63e+00 2.74e+00 6.92e+00 4.10e+00 1.57e+00 7.22e+00 2.81e+00 4.97e-03
  2.39e+00 3.20e+00]
 [7.38e+00 2.17e+00 5.55e+00 2.73e+00 1.66e+00 6.83e+00 2.30e+00 2.39e+00
  4.77e-03 1.16e+00]
 [6.85e+00 2.35e+00 5.24e+00 1.90e+00 2.30e+00 6.71e+00 2.20e+00 3.20e+00
  1.16e+00 5.45e-03]]
spot/lyra_SC_51757.png,4.0005e+00,2.2327e+00,7.4852e+00,3.8074e+00,7.8418e-03,-4.3994e+01,-7.0600e+01,7.9834e+02,6.7585e-02,9.3731e-02,8.7778e-03,1.6900e+01,1.0083e-01,8.0813e-01,-4.1115e+00,4.0947e+00
Reading image: spot/gorgonae_Ag7.png
Image Shape: (528, 617, 3)
Channelwise Min/Max
0 Min: 0 | Max: 187
1 Min: 0 | Max: 183
2 Min: 0 | Max: 174
Computing image entropy (alpha masked)
	N_pixels before & after masking: 325776 -> 130191
Computing local discrete entropies
Computing Fourier images
Computing local patch covariances
	Patches Size: (3, 102, 120, 20, 20) (Mask Size: (102, 120, 20, 20))
Computing average edginess
Computing continuous pixel-wise differential entropy
	Mask Sum: 130191, Orig Shape: (325776, 3), Masked Shape: (130191, 3)
Computing continuous patch-wise differential entropy
	Patch windows size: (3, 263, 308, 3, 3)
	Resampling patch vectors (original size: (32080, 27))
	Patch vectors shape: (10000, 27)
Computing global patch-wise covariance
	Patch windows size: (3, 260, 304, 10, 10)
	Patch vectors shape: (30465, 300)
Computing patch-wise distances between means
img, mask, block_cuts shapes: (528, 617, 3) (528, 617) [3, 4]
residuals 0 1
new shapes (528, 616, 3) (528, 616)
block sizes 176 154
Blockified sizes (3, 4, 176, 154, 3) (3, 4, 176, 154)
	Nvalid pixels in patch mean: 6144
	Nvalid pixels in patch mean: 62091
	Nvalid pixels in patch mean: 39612
	Nvalid pixels in patch mean: 2697
	Nvalid pixels in patch mean: 55815
	Nvalid pixels in patch mean: 81312
	Nvalid pixels in patch mean: 60396
	Nvalid pixels in patch mean: 9555
	Nvalid pixels in patch mean: 46131
	Nvalid pixels in patch mean: 26820
Means (masked)
[0.39 0.44 0.48] ,[0.46 0.53 0.55] ,[0.45 0.52 0.53] ,[0.39 0.49 0.55] ,

None ,[0.6  0.59 0.58] ,[0.61 0.61 0.59] ,[0.51 0.56 0.57] ,

None ,[0.61 0.59 0.57] ,[0.64 0.61 0.59] ,[0.6  0.59 0.57] ,

Covs (masked)
[[0. 0. 0.]
 [0. 0. 0.]
 [0. 0. 0.]] ,[[0.01 0.   0.  ]
 [0.   0.   0.  ]
 [0.   0.   0.  ]] ,[[0.01 0.01 0.01]
 [0.01 0.01 0.  ]
 [0.01 0.   0.  ]] ,[[0.01 0.01 0.  ]
 [0.01 0.   0.  ]
 [0.   0.   0.  ]] ,

None ,[[0. 0. 0.]
 [0. 0. 0.]
 [0. 0. 0.]] ,[[0.01 0.   0.  ]
 [0.   0.   0.  ]
 [0.   0.   0.  ]] ,[[0.01 0.01 0.  ]
 [0.01 0.01 0.  ]
 [0.   0.   0.  ]] ,

None ,[[0. 0. 0.]
 [0. 0. 0.]
 [0. 0. 0.]] ,[[0. 0. 0.]
 [0. 0. 0.]
 [0. 0. 0.]] ,[[0. 0. 0.]
 [0. 0. 0.]
 [0. 0. 0.]] ,

IGNORING 2 PATCHES
N_valid 10

Distances:
 [[1.05e-04 4.65e-02 4.01e-02 3.02e-02 9.52e-02 1.02e-01 6.40e-02 9.35e-02
  1.09e-01 9.35e-02]
 [4.65e-02 1.05e-04 6.98e-03 2.56e-02 5.24e-02 5.77e-02 1.82e-02 5.17e-02
  6.61e-02 5.16e-02]
 [4.01e-02 6.98e-03 1.05e-04 2.12e-02 5.82e-02 6.37e-02 2.46e-02 5.72e-02
  7.20e-02 5.72e-02]
 [3.02e-02 2.56e-02 2.12e-02 1.05e-04 7.79e-02 8.29e-02 4.32e-02 7.72e-02
  9.15e-02 7.72e-02]
 [9.52e-02 5.24e-02 5.82e-02 7.79e-02 1.05e-04 8.33e-03 3.49e-02 3.72e-03
  1.39e-02 3.68e-03]
 [1.02e-01 5.77e-02 6.37e-02 8.29e-02 8.33e-03 1.05e-04 3.97e-02 1.17e-02
  9.89e-03 1.14e-02]
 [6.40e-02 1.82e-02 2.46e-02 4.32e-02 3.49e-02 3.97e-02 1.05e-04 3.47e-02
  4.84e-02 3.46e-02]
 [9.35e-02 5.17e-02 5.72e-02 7.72e-02 3.72e-03 1.17e-02 3.47e-02 1.05e-04
  1.56e-02 8.18e-04]
 [1.09e-01 6.61e-02 7.20e-02 9.15e-02 1.39e-02 9.89e-03 4.84e-02 1.56e-02
  1.05e-04 1.56e-02]
 [9.35e-02 5.16e-02 5.72e-02 7.72e-02 3.68e-03 1.14e-02 3.46e-02 8.18e-04
  1.56e-02 1.05e-04]]
Computing patch-wise distances between central moments
img, mask, block_cuts shapes: (528, 617, 3) (528, 617) [3, 4]
residuals 0 1
new shapes (528, 616, 3) (528, 616)
block sizes 176 154
Blockified sizes (3, 4, 176, 154, 3) (3, 4, 176, 154)
	Nvalid pixels in patch mean: 6144
	Nvalid pixels in patch mean: 62091
	Nvalid pixels in patch mean: 39612
	Nvalid pixels in patch mean: 2697
	Nvalid pixels in patch mean: 55815
	Nvalid pixels in patch mean: 81312
	Nvalid pixels in patch mean: 60396
	Nvalid pixels in patch mean: 9555
	Nvalid pixels in patch mean: 46131
	Nvalid pixels in patch mean: 26820
Means (masked)
[0.39 0.44 0.48] ,[0.46 0.53 0.55] ,[0.45 0.52 0.53] ,[0.39 0.49 0.55] ,

None ,[0.6  0.59 0.58] ,[0.61 0.61 0.59] ,[0.51 0.56 0.57] ,

None ,[0.61 0.59 0.57] ,[0.64 0.61 0.59] ,[0.6  0.59 0.57] ,

Covs (masked)
[[0. 0. 0.]
 [0. 0. 0.]
 [0. 0. 0.]] ,[[0.01 0.   0.  ]
 [0.   0.   0.  ]
 [0.   0.   0.  ]] ,[[0.01 0.01 0.01]
 [0.01 0.01 0.  ]
 [0.01 0.   0.  ]] ,[[0.01 0.01 0.  ]
 [0.01 0.   0.  ]
 [0.   0.   0.  ]] ,

None ,[[0. 0. 0.]
 [0. 0. 0.]
 [0. 0. 0.]] ,[[0.01 0.   0.  ]
 [0.   0.   0.  ]
 [0.   0.   0.  ]] ,[[0.01 0.01 0.  ]
 [0.01 0.01 0.  ]
 [0.   0.   0.  ]] ,

None ,[[0. 0. 0.]
 [0. 0. 0.]
 [0. 0. 0.]] ,[[0. 0. 0.]
 [0. 0. 0.]
 [0. 0. 0.]] ,[[0. 0. 0.]
 [0. 0. 0.]
 [0. 0. 0.]] ,

IGNORING 2 PATCHES
N_valid 10

Distances:
 [[0.   0.06 0.07 0.05 0.1  0.12 0.08 0.1  0.12 0.1 ]
 [0.06 0.   0.03 0.04 0.07 0.06 0.03 0.07 0.08 0.06]
 [0.07 0.03 0.   0.04 0.08 0.09 0.04 0.08 0.1  0.08]
 [0.05 0.04 0.04 0.   0.1  0.09 0.05 0.1  0.11 0.09]
 [0.1  0.07 0.08 0.1  0.   0.02 0.06 0.01 0.02 0.02]
 [0.12 0.06 0.09 0.09 0.02 0.   0.05 0.03 0.02 0.02]
 [0.08 0.03 0.04 0.05 0.06 0.05 0.   0.06 0.07 0.05]
 [0.1  0.07 0.08 0.1  0.01 0.03 0.06 0.   0.02 0.01]
 [0.12 0.08 0.1  0.11 0.02 0.02 0.07 0.02 0.   0.03]
 [0.1  0.06 0.08 0.09 0.02 0.02 0.05 0.01 0.03 0.  ]]
Computing DWT-based measure
Computing pairwise distributional patch-matching distance pw_symmetric_KL
img, mask, block_cuts shapes: (528, 617, 3) (528, 617) [3, 4]
residuals 0 1
new shapes (528, 616, 3) (528, 616)
block sizes 176 154
Blockified sizes (3, 4, 176, 154, 3) (3, 4, 176, 154)
	Nvalid pixels in patch mean: 6144
	Nvalid pixels in patch mean: 62091
	Nvalid pixels in patch mean: 39612
	Nvalid pixels in patch mean: 2697
	Nvalid pixels in patch mean: 55815
	Nvalid pixels in patch mean: 81312
	Nvalid pixels in patch mean: 60396
	Nvalid pixels in patch mean: 9555
	Nvalid pixels in patch mean: 46131
	Nvalid pixels in patch mean: 26820
Means (masked)
[0.39 0.44 0.48] ,[0.46 0.53 0.55] ,[0.45 0.52 0.53] ,[0.39 0.49 0.55] ,

None ,[0.6  0.59 0.58] ,[0.61 0.61 0.59] ,[0.51 0.56 0.57] ,

None ,[0.61 0.59 0.57] ,[0.64 0.61 0.59] ,[0.6  0.59 0.57] ,

Covs (masked)
[[0. 0. 0.]
 [0. 0. 0.]
 [0. 0. 0.]] ,[[0.01 0.   0.  ]
 [0.   0.   0.  ]
 [0.   0.   0.  ]] ,[[0.01 0.01 0.01]
 [0.01 0.01 0.  ]
 [0.01 0.   0.  ]] ,[[0.01 0.01 0.  ]
 [0.01 0.   0.  ]
 [0.   0.   0.  ]] ,

None ,[[0. 0. 0.]
 [0. 0. 0.]
 [0. 0. 0.]] ,[[0.01 0.   0.  ]
 [0.   0.   0.  ]
 [0.   0.   0.  ]] ,[[0.01 0.01 0.  ]
 [0.01 0.01 0.  ]
 [0.   0.   0.  ]] ,

None ,[[0. 0. 0.]
 [0. 0. 0.]
 [0. 0. 0.]] ,[[0. 0. 0.]
 [0. 0. 0.]
 [0. 0. 0.]] ,[[0. 0. 0.]
 [0. 0. 0.]
 [0. 0. 0.]] ,

IGNORING 2 PATCHES
N_valid 10

Distances:
 [[-6.23e-03  7.08e+00  1.55e+01  9.21e+00  3.14e+01  2.14e+01  1.08e+01
   5.42e+01  5.29e+01  3.19e+01]
 [ 7.08e+00 -2.61e-03  2.39e+00  3.41e+00  8.43e+00  4.42e+00  1.06e+00
   2.28e+01  1.70e+01  1.07e+01]
